连线，距离，灯数，拥堵比，正常时速
1-2：1.2km，3，[1,0,0],70km/h
1-4：5.6km，7，[1,0,0],70
2-3：893m，0，[1,0,0],70
2-12：12.6km，7，[0.7,0.3,0],70
3-13：9.8km，4，[1,0,0],90
4-5：4.5km，5，[1,0,0],70
4-12：7.9km，0，[1,0,0],90
5-6：2.8km，0，[1,0,0],70
5-7：1.1km，0，[1,0,0],70
6-8：2.4km，0，[1,0,0],90
7-8：2.4km，0，[1,0,0],70
7-9：3.3km，0，[1,0,0],90
8-10：3.1km，0，[0.75,0.20,0.05],90
9-11：1.8km，0，[1,0,0],90
10-11：1.5km，0，[0.05,0.80,0.15],90
10-16：1.4km，0，[1,0,0],90
11-12：2.0km，0，[1,0,0],90
11-17：3.4km，0，[1,0,0],90
12-14：3.2km，0，[1,0,0],90
12-15：1.7km，0，[1,0,0],70
13-14：900m，0，[1,0,0],70
14-15：4.1km，6，[1,0,0],70
14-18：6.4km，4，[1,0,0],70
15-16：3.9km，0，[1,0,0],70
15-17：3.5km，1，[1,0,0],70
15-18：3.3km，0，[0.90,0,0.1],70
16-17，3.6km，8，[1,0,0],70
17-19，3.1km，0，[1,0,0],90
17-18，5.2km，0，[1,0,0],70
18-19，2.4km，0，[1,0,0],70




